country,country_name,country_id,year,agr,chr,com,con,eco,lib,other,right,soc
AUS,Australia,33,1902,0,0,0,42.7,0,34.7,2.7,0,20
AUS,Australia,33,1903,0,0,0,42.7,0,34.7,2.7,0,20
AUS,Australia,33,1904,0,0,0,34.7,0,33.3,1.3,0,30.7
AUS,Australia,33,1905,0,0,0,34.7,0,33.3,1.3,0,30.7
AUS,Australia,33,1906,0,0,0,34.7,0,33.3,1.3,0,30.7
AUS,Australia,33,1907,0,0,0,26.7,0,38.7,0,0,34.7
AUS,Australia,33,1908,0,0,0,26.7,0,38.7,0,0,34.7
AUS,Australia,33,1909,0,0,0,26.7,0,38.7,0,0,34.7
AUS,Australia,33,1910,0,0,0,26.7,0,38.7,0,0,34.7
AUS,Australia,33,1911,0,0,0,41.3,0,0,1.3,0,57.3
AUS,Australia,33,1912,0,0,0,41.3,0,0,1.3,0,57.3
AUS,Australia,33,1913,0,0,0,41.3,0,0,1.3,0,57.3
AUS,Australia,33,1914,0,0,0,50.7,0,0,0,0,49.3
AUS,Australia,33,1915,0,0,0,42.7,0,0,1.3,0,56
AUS,Australia,33,1916,0,0,0,42.7,0,0,1.3,0,56
AUS,Australia,33,1917,0,0,0,42.7,0,0,1.3,0,56
AUS,Australia,33,1918,0,0,0,0,0,0,0,70.7,29.3
AUS,Australia,33,1919,0,0,0,0,0,0,0,70.7,29.3
AUS,Australia,33,1920,8,0,0,2.7,0,0,5.3,49.3,34.7
AUS,Australia,33,1921,8,0,0,2.7,0,0,5.3,49.3,34.7
AUS,Australia,33,1922,8,0,0,2.7,0,0,5.3,49.3,34.7
AUS,Australia,33,1923,0,0,0,25,0,0,1.3,34.2,39.5
AUS,Australia,33,1924,0,0,0,25,0,0,1.3,34.2,39.5
AUS,Australia,33,1925,0,0,0,25,0,0,1.3,34.2,39.5
AUS,Australia,33,1926,0,0,0,18.4,0,0,1.3,48.7,31.6
AUS,Australia,33,1927,0,0,0,18.4,0,0,1.3,48.7,31.6
AUS,Australia,33,1928,0,0,0,18.4,0,0,1.3,48.7,31.6
AUS,Australia,33,1929,0,0,0,18.4,0,0,1.3,38.2,42.1
AUS,Australia,33,1930,0,0,0,14.5,0,0,5.3,18.4,61.8
AUS,Australia,33,1931,0,0,0,14.5,0,0,5.3,18.4,61.8
AUS,Australia,33,1932,0,0,0,65.8,0,7.9,1.3,0,25
AUS,Australia,33,1933,0,0,0,65.8,0,7.9,1.3,0,25
AUS,Australia,33,1934,0,0,0,65.8,0,7.9,1.3,0,25
AUS,Australia,33,1935,0,0,0,56,0,0,1.3,0,42.7
AUS,Australia,33,1936,0,0,0,56,0,0,1.3,0,42.7
AUS,Australia,33,1937,0,0,0,56,0,0,1.3,0,42.7
AUS,Australia,33,1938,0,0,0,57.3,0,0,4,0,38.7
AUS,Australia,33,1939,0,0,0,57.3,0,0,4,0,38.7
AUS,Australia,33,1940,0,0,0,57.3,0,0,4,0,38.7
AUS,Australia,33,1941,2.7,0,0,44,0,0,5.3,0,48
AUS,Australia,33,1942,2.7,0,0,44,0,0,5.3,0,48
AUS,Australia,33,1943,2.7,0,0,44,0,0,5.3,0,48
AUS,Australia,33,1944,0,0,0,29.3,0,0,4,0,66.7
AUS,Australia,33,1945,0,0,0,29.3,0,0,4,0,66.7
AUS,Australia,33,1946,0,0,0,29.3,0,0,4,0,66.7
AUS,Australia,33,1947,0,0,0,36,0,0,2.7,0,61.3
AUS,Australia,33,1948,0,0,0,36,0,0,2.7,0,61.3
AUS,Australia,33,1949,0,0,0,36,0,0,2.7,0,61.3
AUS,Australia,33,1950,0,0,0,60.2,0,0,0.8,0,39
AUS,Australia,33,1951,0,0,0,60.2,0,0,0.8,0,39
AUS,Australia,33,1952,0,0,0,56.1,0,0,0,0,43.9
AUS,Australia,33,1953,0,0,0,56.1,0,0,0,0,43.9
AUS,Australia,33,1954,0,0,0,56.1,0,0,0,0,43.9
AUS,Australia,33,1955,0,0,0,52,0,0,0,0,48
AUS,Australia,33,1956,0,0,0,60.5,0,0,0,0,39.5
AUS,Australia,33,1957,0,0,0,60.5,0,0,0,0,39.5
AUS,Australia,33,1958,0,0,0,60.5,0,0,0,0,39.5
AUS,Australia,33,1959,0,0,0,62.1,0,0,0,0,37.9
AUS,Australia,33,1960,0,0,0,62.1,0,0,0,0,37.9
AUS,Australia,33,1961,0,0,0,62.1,0,0,0,0,37.9
AUS,Australia,33,1962,0,0,0,50,0,0,0,0,50
AUS,Australia,33,1963,0,0,0,50,0,0,0,0,50
AUS,Australia,33,1964,0,0,0,58.1,0,0,0,0,41.9
AUS,Australia,33,1965,0,0,0,58.1,0,0,0,0,41.9
AUS,Australia,33,1966,0,0,0,58.1,0,0,0,0,41.9
AUS,Australia,33,1967,0,0,0,66.1,0,0,0.8,0,33.1
AUS,Australia,33,1968,0,0,0,66.1,0,0,0.8,0,33.1
AUS,Australia,33,1969,0,0,0,66.1,0,0,0.8,0,33.1
AUS,Australia,33,1970,0,0,0,52.8,0,0,0,0,47.2
AUS,Australia,33,1971,0,0,0,52.8,0,0,0,0,47.2
AUS,Australia,33,1972,0,0,0,52.8,0,0,0,0,47.2
AUS,Australia,33,1973,0,0,0,46.4,0,0,0,0,53.6
AUS,Australia,33,1974,0,0,0,46.4,0,0,0,0,53.6
AUS,Australia,33,1975,0,0,0,48,0,0,0,0,52
AUS,Australia,33,1976,0,0,0,70.9,0,0.8,0,0,28.3
AUS,Australia,33,1977,0,0,0,70.9,0,0.8,0,0,28.3
AUS,Australia,33,1978,0,0,0,68.5,0,0.8,0,0,30.6
AUS,Australia,33,1979,0,0,0,68.5,0,0.8,0,0,30.6
AUS,Australia,33,1980,0,0,0,68.5,0,0.8,0,0,30.6
AUS,Australia,33,1981,0,0,0,59.2,0,0,0,0,40.8
AUS,Australia,33,1982,0,0,0,59.2,0,0,0,0,40.8
AUS,Australia,33,1983,0,0,0,59.2,0,0,0,0,40.8
AUS,Australia,33,1984,0,0,0,40,0,0,0,0,60
AUS,Australia,33,1985,0,0,0,43.9,0,0.7,0,0,55.4
AUS,Australia,33,1986,0,0,0,43.9,0,0.7,0,0,55.4
AUS,Australia,33,1987,0,0,0,43.9,0,0.7,0,0,55.4
AUS,Australia,33,1988,0,0,0,41.9,0,0,0,0,58.1
AUS,Australia,33,1989,0,0,0,41.9,0,0,0,0,58.1
AUS,Australia,33,1990,0,0,0,41.9,0,0,0,0,58.1
AUS,Australia,33,1991,0,0,0,46.6,0,0,0.7,0,52.7
AUS,Australia,33,1992,0,0,0,46.6,0,0,0.7,0,52.7
AUS,Australia,33,1993,0,0,0,46.6,0,0,0.7,0,52.7
AUS,Australia,33,1994,0,0,0,44.2,0,0,1.4,0,54.4
AUS,Australia,33,1995,0,0,0,44.2,0,0,1.4,0,54.4
AUS,Australia,33,1996,0,0,0,44.2,0,0,1.4,0,54.4
AUS,Australia,33,1997,0,0,0,62.8,0,0.7,3.4,0,33.1
AUS,Australia,33,1998,0,0,0,62.8,0,0.7,3.4,0,33.1
AUS,Australia,33,1999,0,0,0,54.1,0,0,0.7,0,45.3
AUS,Australia,33,2000,0,0,0,54.1,0,0,0.7,0,45.3
AUS,Australia,33,2001,0,0,0,54.1,0,0,0.7,0,45.3
AUS,Australia,33,2002,0,0,0,54,0,0.7,2,0,43.3
AUS,Australia,33,2003,0,0,0,54,0,0.7,2,0,43.3
AUS,Australia,33,2004,0,0,0,54,0,0.7,2,0,43.3
AUS,Australia,33,2005,0,0,0,57.3,0,0.7,2,0,40
AUS,Australia,33,2006,0,0,0,57.3,0,0.7,2,0,40
AUS,Australia,33,2007,0,0,0,57.3,0,0.7,2,0,40
AUS,Australia,33,2008,0,0,0,43.3,0,0,1.3,0,55.3
AUS,Australia,33,2009,0,0,0,43.3,0,0,1.3,0,55.3
AUS,Australia,33,2010,0,0,0,43.3,0,0,1.3,0,55.3
AUS,Australia,33,2011,0,0,0,34,0.7,14.7,2.7,0,48
AUS,Australia,33,2012,0,0,0,34,0.7,14.7,2.7,0,48
AUS,Australia,33,2013,0,0,0,34,0.7,14.7,2.7,0,48
AUS,Australia,33,2014,0,0,0,44.7,0.7,16,1.3,0,37.3
AUS,Australia,33,2015,0,0,0,44.7,0.7,16,1.3,0,37.3
AUS,Australia,33,2016,0,0,0,44.7,0.7,16,1.3,0,37.3
AUS,Australia,33,2017,0,0,0,36.7,0.7,14.7,1.3,0,46.7
AUS,Australia,33,2018,0,0,0,36.7,0.7,14.7,1.3,0,46.7
AUS,Australia,33,2019,0,0,0,36.7,0.7,14.7,1.3,0,46.7
AUS,Australia,33,2020,0,0,0,35.8,0.7,15.9,2,0,45.7
AUT,Austria,59,1920,2.9,40.6,0,5.9,0,2.4,2.9,2.9,42.4
AUT,Austria,59,1921,0,46.4,0,11.5,0,0,0.5,3.8,37.7
AUT,Austria,59,1922,0,46.4,0,11.5,0,0,0.5,3.8,37.7
AUT,Austria,59,1923,0,46.4,0,11.5,0,0,0.5,3.8,37.7
AUT,Austria,59,1924,0,49.7,0,6.1,0,0,0,3,41.2
AUT,Austria,59,1925,0,49.7,0,6.1,0,0,0,3,41.2
AUT,Austria,59,1926,0,49.7,0,6.1,0,0,0,3,41.2
AUT,Austria,59,1927,0,49.7,0,6.1,0,0,0,3,41.2
AUT,Austria,59,1928,0,44.2,0,7.3,0,0,0,5.5,43
AUT,Austria,59,1929,0,44.2,0,7.3,0,0,0,5.5,43
AUT,Austria,59,1930,0,44.2,0,7.3,0,0,0,5.5,43
AUT,Austria,59,1931,0,40,0,6.1,0,0,0,10.3,43.6
AUT,Austria,59,1932,0,40,0,6.1,0,0,0,10.3,43.6
AUT,Austria,59,1933,0,40,0,6.1,0,0,0,10.3,43.6
AUT,Austria,59,1934,0,40,0,6.1,0,0,0,10.3,43.6
AUT,Austria,59,1935,0,40,0,6.1,0,0,0,10.3,43.6
AUT,Austria,59,1936,0,40,0,6.1,0,0,0,10.3,43.6
AUT,Austria,59,1937,0,40,0,6.1,0,0,0,10.3,43.6
AUT,Austria,59,1938,0,40,0,6.1,0,0,0,10.3,43.6
AUT,Austria,59,1939,0,40,0,6.1,0,0,0,10.3,43.6
AUT,Austria,59,1940,0,40,0,6.1,0,0,0,10.3,43.6
AUT,Austria,59,1941,0,40,0,6.1,0,0,0,10.3,43.6
AUT,Austria,59,1942,0,40,0,6.1,0,0,0,10.3,43.6
AUT,Austria,59,1943,0,40,0,6.1,0,0,0,10.3,43.6
AUT,Austria,59,1944,0,40,0,6.1,0,0,0,10.3,43.6
AUT,Austria,59,1945,0,40,0,6.1,0,0,0,10.3,43.6
AUT,Austria,59,1946,0,51.5,2.4,0,0,0,0,0,46.1
AUT,Austria,59,1947,0,51.5,2.4,0,0,0,0,0,46.1
AUT,Austria,59,1948,0,51.5,2.4,0,0,0,0,0,46.1
AUT,Austria,59,1949,0,51.5,2.4,0,0,0,0,0,46.1
AUT,Austria,59,1950,0,46.7,3,0,0,0,0,9.7,40.6
AUT,Austria,59,1951,0,46.7,3,0,0,0,0,9.7,40.6
AUT,Austria,59,1952,0,46.7,3,0,0,0,0,9.7,40.6
AUT,Austria,59,1953,0,46.7,3,0,0,0,0,9.7,40.6
AUT,Austria,59,1954,0,44.8,2.4,0,0,0,0,8.5,44.2
AUT,Austria,59,1955,0,44.8,2.4,0,0,0,0,8.5,44.2
AUT,Austria,59,1956,0,44.8,2.4,0,0,0,0,8.5,44.2
AUT,Austria,59,1957,0,49.7,1.8,0,0,0,0,3.6,44.8
AUT,Austria,59,1958,0,49.7,1.8,0,0,0,0,3.6,44.8
AUT,Austria,59,1959,0,49.7,1.8,0,0,0,0,3.6,44.8
AUT,Austria,59,1960,0,47.9,0,0,0,0,0,4.8,47.3
AUT,Austria,59,1961,0,47.9,0,0,0,0,0,4.8,47.3
AUT,Austria,59,1962,0,47.9,0,0,0,0,0,4.8,47.3
AUT,Austria,59,1963,0,49.1,0,0,0,0,0,4.8,46.1
AUT,Austria,59,1964,0,49.1,0,0,0,0,0,4.8,46.1
AUT,Austria,59,1965,0,49.1,0,0,0,0,0,4.8,46.1
AUT,Austria,59,1966,0,49.1,0,0,0,0,0,4.8,46.1
AUT,Austria,59,1967,0,51.5,0,0,0,0,0,3.6,44.8
AUT,Austria,59,1968,0,51.5,0,0,0,0,0,3.6,44.8
AUT,Austria,59,1969,0,51.5,0,0,0,0,0,3.6,44.8
AUT,Austria,59,1970,0,51.5,0,0,0,0,0,3.6,44.8
AUT,Austria,59,1971,0,47.3,0,0,0,0,0,3.6,49.1
AUT,Austria,59,1972,0,43.7,0,0,0,0,0,5.5,50.8
AUT,Austria,59,1973,0,43.7,0,0,0,0,0,5.5,50.8
AUT,Austria,59,1974,0,43.7,0,0,0,0,0,5.5,50.8
AUT,Austria,59,1975,0,43.7,0,0,0,0,0,5.5,50.8
AUT,Austria,59,1976,0,43.7,0,0,0,0,0,5.5,50.8
AUT,Austria,59,1977,0,43.7,0,0,0,0,0,5.5,50.8
AUT,Austria,59,1978,0,43.7,0,0,0,0,0,5.5,50.8
AUT,Austria,59,1979,0,43.7,0,0,0,0,0,5.5,50.8
AUT,Austria,59,1980,0,42.1,0,0,0,0,0,6,51.9
AUT,Austria,59,1981,0,42.1,0,0,0,0,0,6,51.9
AUT,Austria,59,1982,0,42.1,0,0,0,0,0,6,51.9
AUT,Austria,59,1983,0,42.1,0,0,0,0,0,6,51.9
AUT,Austria,59,1984,0,44.3,0,0,0,0,0,6.6,49.2
AUT,Austria,59,1985,0,44.3,0,0,0,0,0,6.6,49.2
AUT,Austria,59,1986,0,44.3,0,0,0,0,0,6.6,49.2
AUT,Austria,59,1987,0,42.1,0,0,4.4,0,0,9.8,43.7
AUT,Austria,59,1988,0,42.1,0,0,4.4,0,0,9.8,43.7
AUT,Austria,59,1989,0,42.1,0,0,4.4,0,0,9.8,43.7
AUT,Austria,59,1990,0,42.1,0,0,4.4,0,0,9.8,43.7
AUT,Austria,59,1991,0,32.8,0,0,5.5,0,0,18,43.7
AUT,Austria,59,1992,0,32.8,0,0,5.5,0,0,18,43.7
AUT,Austria,59,1993,0,32.8,0,0,5.5,0,0,18,43.7
AUT,Austria,59,1994,0,32.8,0,0,5.5,0,0,18,43.7
AUT,Austria,59,1995,0,28.4,0,0,7.1,6,0,23,35.5
AUT,Austria,59,1996,0,28.4,0,0,4.9,5.5,0,22.4,38.8
AUT,Austria,59,1997,0,28.4,0,0,4.9,5.5,0,22.4,38.8
AUT,Austria,59,1998,0,28.4,0,0,4.9,5.5,0,22.4,38.8
AUT,Austria,59,1999,0,28.4,0,0,4.9,5.5,0,22.4,38.8
AUT,Austria,59,2000,0,28.4,0,0,7.7,0,0,28.4,35.5
AUT,Austria,59,2001,0,28.4,0,0,7.7,0,0,28.4,35.5
AUT,Austria,59,2002,0,28.4,0,0,7.7,0,0,28.4,35.5
AUT,Austria,59,2003,0,43.2,0,0,9.3,0,0,9.8,37.7
AUT,Austria,59,2004,0,43.2,0,0,9.3,0,0,9.8,37.7
AUT,Austria,59,2005,0,43.2,0,0,9.3,0,0,9.8,37.7
AUT,Austria,59,2006,0,43.2,0,0,9.3,0,0,9.8,37.7
AUT,Austria,59,2007,0,36.1,0,0,11.5,0,0,15.3,37.2
AUT,Austria,59,2008,0,36.1,0,0,11.5,0,0,15.3,37.2
AUT,Austria,59,2009,0,27.9,0,0,10.9,0,0,30.1,31.1
AUT,Austria,59,2010,0,27.9,0,0,10.9,0,0,30.1,31.1
AUT,Austria,59,2011,0,27.9,0,0,10.9,0,0,30.1,31.1
AUT,Austria,59,2012,0,27.9,0,0,10.9,0,0,30.1,31.1
AUT,Austria,59,2013,0,27.9,0,0,10.9,0,0,30.1,31.1
AUT,Austria,59,2014,0,25.7,0,0,13.1,10.9,0,21.9,28.4
AUT,Austria,59,2015,0,25.7,0,0,13.1,10.9,0,21.9,28.4
AUT,Austria,59,2016,0,25.7,0,0,13.1,10.9,0,21.9,28.4
AUT,Austria,59,2017,0,25.7,0,0,13.1,10.9,0,21.9,28.4
AUT,Austria,59,2018,0,33.9,0,0,4.4,5.5,0,27.9,28.4
AUT,Austria,59,2019,0,33.9,0,0,4.4,5.5,0,27.9,28.4
AUT,Austria,59,2020,0,38.8,0,0,14.2,8.2,0,16.9,21.9
BEL,Belgium,64,1901,0,57.2,0,0,0,20.4,1.3,0,21.1
BEL,Belgium,64,1902,0,57.2,0,0,0,20.4,1.3,0,21.1
BEL,Belgium,64,1903,0,64.7,0,0,0,23.5,0,0,11.8
BEL,Belgium,64,1904,0,64.7,0,0,0,23.5,0,0,11.8
BEL,Belgium,64,1905,0,48.1,0,0,0,27.2,1.2,0,23.5
BEL,Belgium,64,1906,0,48.1,0,0,0,27.2,1.2,0,23.5
BEL,Belgium,64,1907,0,58.8,0,0,0,17.6,0,0,23.5
BEL,Belgium,64,1908,0,58.8,0,0,0,17.6,0,0,23.5
BEL,Belgium,64,1909,0,46.3,0,0,0,26.8,0,0,26.8
BEL,Belgium,64,1910,0,46.3,0,0,0,26.8,0,0,26.8
BEL,Belgium,64,1911,0,57.6,0,0,0,17.6,0,0,24.7
BEL,Belgium,64,1912,0,57.6,0,0,0,17.6,0,0,24.7
BEL,Belgium,64,1913,0,55.4,0,0,0,23.7,0,0,21
BEL,Belgium,64,1914,0,55.4,0,0,0,23.7,0,0,21
BEL,Belgium,64,1915,0,47.7,0,0,0,22.7,0,0,29.5
BEL,Belgium,64,1916,0,47.7,0,0,0,22.7,0,0,29.5
BEL,Belgium,64,1917,0,47.7,0,0,0,22.7,0,0,29.5
BEL,Belgium,64,1918,0,47.7,0,0,0,22.7,0,0,29.5
BEL,Belgium,64,1919,0,47.7,0,0,0,22.7,0,0,29.5
BEL,Belgium,64,1920,0,39.2,0,0,0,18.3,2.2,0,40.3
BEL,Belgium,64,1921,0,39.2,0,0,0,18.3,2.2,0,40.3
BEL,Belgium,64,1922,0,43,0,0,0,17.7,0.5,0,38.7
BEL,Belgium,64,1923,0,43,0,0,0,17.7,0.5,0,38.7
BEL,Belgium,64,1924,0,43,0,0,0,17.7,0.5,0,38.7
BEL,Belgium,64,1925,0,43,0,0,0,17.7,0.5,0,38.7
BEL,Belgium,64,1926,0,40.1,1.1,0,0,12.3,1.6,0,44.9
BEL,Belgium,64,1927,0,40.1,1.1,0,0,12.3,1.6,0,44.9
BEL,Belgium,64,1928,0,40.1,1.1,0,0,12.3,1.6,0,44.9
BEL,Belgium,64,1929,0,40.1,1.1,0,0,12.3,1.6,0,44.9
BEL,Belgium,64,1930,0,38,0.5,0,0,15,3.2,0,43.3
BEL,Belgium,64,1931,0,38,0.5,0,0,15,3.2,0,43.3
BEL,Belgium,64,1932,0,38,0.5,0,0,15,3.2,0,43.3
BEL,Belgium,64,1933,0,42.2,1.6,0,0,12.8,0,0,43.3
BEL,Belgium,64,1934,0,42.2,1.6,0,0,12.8,0,0,43.3
BEL,Belgium,64,1935,0,42.2,1.6,0,0,12.8,0,0,43.3
BEL,Belgium,64,1936,0,42.2,1.6,0,0,12.8,0,0,43.3
BEL,Belgium,64,1937,0,31.2,4.5,0,0,11.4,0,10.4,42.6
BEL,Belgium,64,1938,0,31.2,4.5,0,0,11.4,0,10.4,42.6
BEL,Belgium,64,1939,0,31.2,4.5,0,0,11.4,0,10.4,42.6
BEL,Belgium,64,1940,0,36.1,4.5,0,0,16.3,1,2,40.1
BEL,Belgium,64,1941,0,36.1,4.5,0,0,16.3,1,2,40.1
BEL,Belgium,64,1942,0,36.1,4.5,0,0,16.3,1,2,40.1
BEL,Belgium,64,1943,0,36.1,4.5,0,0,16.3,1,2,40.1
BEL,Belgium,64,1944,0,36.1,4.5,0,0,16.3,1,2,40.1
BEL,Belgium,64,1945,0,36.1,4.5,0,0,16.3,1,2,40.1
BEL,Belgium,64,1946,0,36.1,4.5,0,0,16.3,1,2,40.1
BEL,Belgium,64,1947,0,45.5,11.4,0,0,7.9,0.5,0,34.7
BEL,Belgium,64,1948,0,45.5,11.4,0,0,7.9,0.5,0,34.7
BEL,Belgium,64,1949,0,45.5,11.4,0,0,7.9,0.5,0,34.7
BEL,Belgium,64,1950,0,49.5,5.7,0,0,13.7,0,0,31.1
BEL,Belgium,64,1951,0,50.9,3.3,0,0,9.4,0,0,36.3
BEL,Belgium,64,1952,0,50.9,3.3,0,0,9.4,0,0,36.3
BEL,Belgium,64,1953,0,50.9,3.3,0,0,9.4,0,0,36.3
BEL,Belgium,64,1954,0,50.9,3.3,0,0,9.4,0,0,36.3
BEL,Belgium,64,1955,0,45.3,1.9,0,0,11.3,0,0.5,41
BEL,Belgium,64,1956,0,45.3,1.9,0,0,11.3,0,0.5,41
BEL,Belgium,64,1957,0,45.3,1.9,0,0,11.3,0,0.5,41
BEL,Belgium,64,1958,0,45.3,1.9,0,0,11.3,0,0.5,41
BEL,Belgium,64,1959,0,49.1,0.9,0,0,9.4,0,0.5,40.1
BEL,Belgium,64,1960,0,49.1,0.9,0,0,9.4,0,0.5,40.1
BEL,Belgium,64,1961,0,49.1,0.9,0,0,9.4,0,0.5,40.1
BEL,Belgium,64,1962,0,45.8,2.4,0,0,9.4,0.5,2.4,39.6
BEL,Belgium,64,1963,0,45.8,2.4,0,0,9.4,0.5,2.4,39.6
BEL,Belgium,64,1964,0,45.8,2.4,0,0,9.4,0.5,2.4,39.6
BEL,Belgium,64,1965,0,45.8,2.4,0,0,9.4,0.5,2.4,39.6
BEL,Belgium,64,1966,0,36.3,2.8,0,0,24.1,0.9,5.7,30.2
BEL,Belgium,64,1967,0,36.3,2.8,0,0,24.1,0.9,5.7,30.2
BEL,Belgium,64,1968,0,36.3,2.8,0,0,24.1,0.9,5.7,30.2
BEL,Belgium,64,1969,0,32.5,2.4,0,0,25.5,0,9.4,30.2
BEL,Belgium,64,1970,0,32.5,2.4,0,0,25.5,0,9.4,30.2
BEL,Belgium,64,1971,0,32.5,2.4,0,0,25.5,0,9.4,30.2
BEL,Belgium,64,1972,0,31.6,2.4,0,0,20.8,0,9.9,35.4
BEL,Belgium,64,1973,0,31.6,2.4,0,0,20.8,0,9.9,35.4
BEL,Belgium,64,1974,0,31.6,2.4,0,0,20.8,0,9.9,35.4
BEL,Belgium,64,1975,0,34,1.9,0,0,19.8,0,10.4,34
BEL,Belgium,64,1976,0,34,1.9,0,0,19.8,0,10.4,34
BEL,Belgium,64,1977,0,34,1.9,0,0,19.8,0,10.4,34
BEL,Belgium,64,1978,0,37.7,0.9,0,0,20.3,0,9.4,31.6
BEL,Belgium,64,1979,0,38.7,1.9,0,0,22.6,0,7.5,29.2
BEL,Belgium,64,1980,0,38.7,1.9,0,0,22.6,0,7.5,29.2
BEL,Belgium,64,1981,0,38.7,1.9,0,0,22.6,0,7.5,29.2
BEL,Belgium,64,1982,0,28.8,0.9,0,1.9,27.4,0,11.3,29.7
BEL,Belgium,64,1983,0,28.8,0.9,0,1.9,27.4,0,11.3,29.7
BEL,Belgium,64,1984,0,28.8,0.9,0,1.9,27.4,0,11.3,29.7
BEL,Belgium,64,1985,0,28.8,0.9,0,1.9,27.4,0,11.3,29.7
BEL,Belgium,64,1986,0,32.5,0,0,4.2,23.1,0,8.5,31.6
BEL,Belgium,64,1987,0,32.5,0,0,4.2,23.1,0,8.5,31.6
BEL,Belgium,64,1988,0,29.2,0,0,4.2,24.1,0,8.5,34
BEL,Belgium,64,1989,0,29.2,0,0,4.2,24.1,0,8.5,34
BEL,Belgium,64,1990,0,29.2,0,0,4.2,24.1,0,8.5,34
BEL,Belgium,64,1991,0,29.2,0,0,4.2,24.1,0,8.5,34
BEL,Belgium,64,1992,0,26.9,0,0,8,24.5,0,10.8,29.7
BEL,Belgium,64,1993,0,26.9,0,0,8,24.5,0,10.8,29.7
BEL,Belgium,64,1994,0,26.9,0,0,8,24.5,0,10.8,29.7
BEL,Belgium,64,1995,0,26.9,0,0,8,24.5,0,10.8,29.7
BEL,Belgium,64,1996,0,27.3,0,0,7.3,26,0,12,27.3
BEL,Belgium,64,1997,0,27.3,0,0,7.3,26,0,12,27.3
BEL,Belgium,64,1998,0,27.3,0,0,7.3,26,0,12,27.3
BEL,Belgium,64,1999,0,27.3,0,0,7.3,26,0,12,27.3
BEL,Belgium,64,2000,0,21.3,0,0,13.3,27.3,0,16,22
BEL,Belgium,64,2001,0,21.3,0,0,13.3,27.3,0,16,22
BEL,Belgium,64,2002,0,21.3,0,0,13.3,27.3,0,16,22
BEL,Belgium,64,2003,0,21.3,0,0,13.3,27.3,0,16,22
BEL,Belgium,64,2004,0,19.3,0,0.7,2.7,32.7,0,12.7,32
BEL,Belgium,64,2005,0,19.3,0,0.7,2.7,32.7,0,12.7,32
BEL,Belgium,64,2006,0,19.3,0,0.7,2.7,32.7,0,12.7,32
BEL,Belgium,64,2007,0,19.3,0,0.7,2.7,32.7,0,12.7,32
BEL,Belgium,64,2008,0,26.7,0,0,8,30.7,0,12,22.7
BEL,Belgium,64,2009,0,26.7,0,0,8,30.7,0,12,22.7
BEL,Belgium,64,2010,0,26.7,0,0,8,30.7,0,12,22.7
BEL,Belgium,64,2011,0,17.3,0,18.7,8.7,21.3,0,8,26
BEL,Belgium,64,2012,0,17.3,0,18.7,8.7,21.3,0,8,26
BEL,Belgium,64,2013,0,17.3,0,18.7,8.7,21.3,0,8,26
BEL,Belgium,64,2014,0,17.3,0,18.7,8.7,21.3,0,8,26
BEL,Belgium,64,2015,0,18,1.3,22.7,8,24,0,2,24
BEL,Belgium,64,2016,0,18,1.3,22.7,8,24,0,2,24
BEL,Belgium,64,2017,0,18,1.3,22.7,8,24,0,2,24
BEL,Belgium,64,2018,0,18,1.3,22.7,8,24,0,2,24
BEL,Belgium,64,2019,0,18,1.3,22.7,8,24,0,2,24
BEL,Belgium,64,2020,0,11.3,8,16.7,14,18.7,0,12,19.3
BGR,Bulgaria,10,1992,0,45.8,0,0,0,10,0,0,44.2
BGR,Bulgaria,10,1993,0,45.8,0,0,0,10,0,0,44.2
BGR,Bulgaria,10,1994,0,45.8,0,0,0,10,0,0,44.2
BGR,Bulgaria,10,1995,7.5,28.8,0,0,0,11.7,0,0,52.1
BGR,Bulgaria,10,1996,7.5,28.8,0,0,0,11.7,0,0,52.1
BGR,Bulgaria,10,1997,7.5,28.8,0,0,0,11.7,0,0,52.1
BGR,Bulgaria,10,1998,0,0,0,57.1,0,12.9,0,0,30
BGR,Bulgaria,10,1999,0,0,0,57.1,0,12.9,0,0,30
BGR,Bulgaria,10,2000,0,0,0,57.1,0,12.9,0,0,30
BGR,Bulgaria,10,2001,0,0,0,57.1,0,12.9,0,0,30
BGR,Bulgaria,10,2002,0,0,0,21.2,0,58.8,0,0,20
BGR,Bulgaria,10,2003,0,0,0,21.2,0,58.8,0,0,20
BGR,Bulgaria,10,2004,0,0,0,21.2,0,58.8,0,0,20
BGR,Bulgaria,10,2005,0,0,0,21.2,0,58.8,0,0,20
BGR,Bulgaria,10,2006,0,0,0,20.8,0,36.2,0,8.8,34.2
BGR,Bulgaria,10,2007,0,0,0,20.8,0,36.2,0,8.8,34.2
BGR,Bulgaria,10,2008,0,0,0,20.8,0,36.2,0,8.8,34.2
BGR,Bulgaria,10,2009,0,0,0,20.8,0,36.2,0,8.8,34.2
BGR,Bulgaria,10,2010,0,0,0,54.6,0,15.8,0,12.9,16.7
BGR,Bulgaria,10,2011,0,0,0,54.6,0,15.8,0,12.9,16.7
BGR,Bulgaria,10,2012,0,0,0,54.6,0,15.8,0,12.9,16.7
BGR,Bulgaria,10,2013,0,0,0,54.6,0,15.8,0,12.9,16.7
BGR,Bulgaria,10,2014,0,0,0,40.4,0,15,0,9.6,35
BGR,Bulgaria,10,2015,0,0,0,50.8,0,15.8,0,12.5,20.8
BGR,Bulgaria,10,2016,0,0,0,50.8,0,15.8,0,12.5,20.8
BGR,Bulgaria,10,2017,0,0,0,50.8,0,15.8,0,12.5,20.8
BGR,Bulgaria,10,2018,0,0,0,39.6,0,15.8,0,11.2,33.3
BGR,Bulgaria,10,2019,0,0,0,39.6,0,15.8,0,11.2,33.3
BGR,Bulgaria,10,2020,0,0,0,39.6,0,15.8,0,11.2,33.3
CAN,Canada,29,1901,0,0,0,37.6,0,62.4,0,0,0
CAN,Canada,29,1902,0,0,0,37.6,0,62.4,0,0,0
CAN,Canada,29,1903,0,0,0,37.6,0,62.4,0,0,0
CAN,Canada,29,1904,0,0,0,37.6,0,62.4,0,0,0
CAN,Canada,29,1905,0,0,0,35,0,64.5,0.5,0,0
CAN,Canada,29,1906,0,0,0,35,0,64.5,0.5,0,0
CAN,Canada,29,1907,0,0,0,35,0,64.5,0.5,0,0
CAN,Canada,29,1908,0,0,0,35,0,64.5,0.5,0,0
CAN,Canada,29,1909,0,0,0,38.5,0,61.1,0.5,0,0
CAN,Canada,29,1910,0,0,0,38.5,0,61.1,0.5,0,0
CAN,Canada,29,1911,0,0,0,38.5,0,61.1,0.5,0,0
CAN,Canada,29,1912,0,0,0,60.6,0,37.1,2.3,0,0
CAN,Canada,29,1913,0,0,0,60.6,0,37.1,2.3,0,0
CAN,Canada,29,1914,0,0,0,60.6,0,37.1,2.3,0,0
CAN,Canada,29,1915,0,0,0,60.6,0,37.1,2.3,0,0
CAN,Canada,29,1916,0,0,0,60.6,0,37.1,2.3,0,0
CAN,Canada,29,1917,0,0,0,60.6,0,37.1,2.3,0,0
CAN,Canada,29,1918,0,0,0,65.1,0,34.9,0,0,0
CAN,Canada,29,1919,0,0,0,65.1,0,34.9,0,0,0
CAN,Canada,29,1920,0,0,0,65.1,0,34.9,0,0,0
CAN,Canada,29,1921,0,0,0,65.1,0,34.9,0,0,0
CAN,Canada,29,1922,27.2,0,0,21.3,0,49.4,1.3,0,0.9
CAN,Canada,29,1923,27.2,0,0,21.3,0,49.4,1.3,0,0.9
CAN,Canada,29,1924,27.2,0,0,21.3,0,49.4,1.3,0,0.9
CAN,Canada,29,1925,27.2,0,0,21.3,0,49.4,1.3,0,0.9
CAN,Canada,29,1926,9.8,0,0,47.3,0,40.4,1.6,0,0.8
CAN,Canada,29,1927,8.2,0,0,37.1,0,52.2,1.2,0,1.2
CAN,Canada,29,1928,8.2,0,0,37.1,0,52.2,1.2,0,1.2
CAN,Canada,29,1929,8.2,0,0,37.1,0,52.2,1.2,0,1.2
CAN,Canada,29,1930,8.2,0,0,37.1,0,52.2,1.2,0,1.2
CAN,Canada,29,1931,4.9,0,0,55.9,0,37.1,1.2,0,0.8
CAN,Canada,29,1932,4.9,0,0,55.9,0,37.1,1.2,0,0.8
CAN,Canada,29,1933,4.9,0,0,55.9,0,37.1,1.2,0,0.8
CAN,Canada,29,1934,4.9,0,0,55.9,0,37.1,1.2,0,0.8
CAN,Canada,29,1935,4.9,0,0,55.9,0,37.1,1.2,0,0.8
CAN,Canada,29,1936,0,0,0,23.7,0,70.6,2.9,0,2.9
CAN,Canada,29,1937,0,0,0,23.7,0,70.6,2.9,0,2.9
CAN,Canada,29,1938,0,0,0,23.7,0,70.6,2.9,0,2.9
CAN,Canada,29,1939,0,0,0,23.7,0,70.6,2.9,0,2.9
CAN,Canada,29,1940,0,0,0,23.7,0,70.6,2.9,0,2.9
CAN,Canada,29,1941,0,0,0,20.4,0,73.9,2.4,0,3.3
CAN,Canada,29,1942,0,0,0,20.4,0,73.9,2.4,0,3.3
CAN,Canada,29,1943,0,0,0,20.4,0,73.9,2.4,0,3.3
CAN,Canada,29,1944,0,0,0,20.4,0,73.9,2.4,0,3.3
CAN,Canada,29,1945,0,0,0,20.4,0,73.9,2.4,0,3.3
CAN,Canada,29,1946,0,0,0.4,32.7,0,51.4,4.1,0,11.4
CAN,Canada,29,1947,0,0,0.4,32.7,0,51.4,4.1,0,11.4
CAN,Canada,29,1948,0,0,0.4,32.7,0,51.4,4.1,0,11.4
CAN,Canada,29,1949,0,0,0.4,32.7,0,51.4,4.1,0,11.4
CAN,Canada,29,1950,0,0,0,19.5,0,73.3,2.3,0,5
CAN,Canada,29,1951,0,0,0,19.5,0,73.3,2.3,0,5
CAN,Canada,29,1952,0,0,0,19.5,0,73.3,2.3,0,5
CAN,Canada,29,1953,0,0,0,19.5,0,73.3,2.3,0,5
CAN,Canada,29,1954,0,0,0,24.9,0,64.9,1.5,0,8.7
CAN,Canada,29,1955,0,0,0,24.9,0,64.9,1.5,0,8.7
CAN,Canada,29,1956,0,0,0,24.9,0,64.9,1.5,0,8.7
CAN,Canada,29,1957,0,0,0,24.9,0,64.9,1.5,0,8.7
CAN,Canada,29,1958,0,0,0,49.4,0,39.6,1.5,0,9.4
CAN,Canada,29,1959,0,0,0,78.5,0,18.5,0,0,3
CAN,Canada,29,1960,0,0,0,78.5,0,18.5,0,0,3
CAN,Canada,29,1961,0,0,0,78.5,0,18.5,0,0,3
CAN,Canada,29,1962,0,0,0,78.5,0,18.5,0,0,3
CAN,Canada,29,1963,0,0,0,55.1,0,37.7,0,0,7.2
CAN,Canada,29,1964,0,0,0,44.9,0,48.7,0,0,6.4
CAN,Canada,29,1965,0,0,0,44.9,0,48.7,0,0,6.4
CAN,Canada,29,1966,0,0,0,38.5,0,49.4,4.2,0,7.9
CAN,Canada,29,1967,0,0,0,38.5,0,49.4,4.2,0,7.9
CAN,Canada,29,1968,0,0,0,38.5,0,49.4,4.2,0,7.9
CAN,Canada,29,1969,0,0,0,27.3,0,58.7,5.7,0,8.3
CAN,Canada,29,1970,0,0,0,27.3,0,58.7,5.7,0,8.3
CAN,Canada,29,1971,0,0,0,27.3,0,58.7,5.7,0,8.3
CAN,Canada,29,1972,0,0,0,27.3,0,58.7,5.7,0,8.3
CAN,Canada,29,1973,0,0,0,46.2,0,41.3,0.8,0,11.7
CAN,Canada,29,1974,0,0,0,46.2,0,41.3,0.8,0,11.7
CAN,Canada,29,1975,0,0,0,40.2,0,53.4,0.4,0,6.1
CAN,Canada,29,1976,0,0,0,40.2,0,53.4,0.4,0,6.1
CAN,Canada,29,1977,0,0,0,40.2,0,53.4,0.4,0,6.1
CAN,Canada,29,1978,0,0,0,40.2,0,53.4,0.4,0,6.1
CAN,Canada,29,1979,0,0,0,40.2,0,53.4,0.4,0,6.1
CAN,Canada,29,1980,0,0,0,50.4,0,40.4,0,0,9.2
CAN,Canada,29,1981,0,0,0,36.5,0,52.1,0,0,11.3
CAN,Canada,29,1982,0,0,0,36.5,0,52.1,0,0,11.3
CAN,Canada,29,1983,0,0,0,36.5,0,52.1,0,0,11.3
CAN,Canada,29,1984,0,0,0,36.5,0,52.1,0,0,11.3
CAN,Canada,29,1985,0,0,0,74.8,0,14.2,0.4,0,10.6
CAN,Canada,29,1986,0,0,0,74.8,0,14.2,0.4,0,10.6
CAN,Canada,29,1987,0,0,0,74.8,0,14.2,0.4,0,10.6
CAN,Canada,29,1988,0,0,0,74.8,0,14.2,0.4,0,10.6
CAN,Canada,29,1989,0,0,0,57.3,0,28.1,0,0,14.6
CAN,Canada,29,1990,0,0,0,57.3,0,28.1,0,0,14.6
CAN,Canada,29,1991,0,0,0,57.3,0,28.1,0,0,14.6
CAN,Canada,29,1992,0,0,0,57.3,0,28.1,0,0,14.6
CAN,Canada,29,1993,0,0,0,57.3,0,28.1,0,0,14.6
CAN,Canada,29,1994,0,0,0,18.3,0,60,0.3,0,21.4
CAN,Canada,29,1995,0,0,0,18.3,0,60,0.3,0,21.4
CAN,Canada,29,1996,0,0,0,18.3,0,60,0.3,0,21.4
CAN,Canada,29,1997,0,0,0,18.3,0,60,0.3,0,21.4
CAN,Canada,29,1998,0,0,0,26.6,0,51.5,0.3,0,21.6
CAN,Canada,29,1999,0,0,0,26.6,0,51.5,0.3,0,21.6
CAN,Canada,29,2000,0,0,0,26.6,0,51.5,0.3,0,21.6
CAN,Canada,29,2001,0,0,0,25.9,0,57.1,0,0,16.9
CAN,Canada,29,2002,0,0,0,25.9,0,57.1,0,0,16.9
CAN,Canada,29,2003,0,0,0,25.9,0,57.1,0,0,16.9
CAN,Canada,29,2004,0,0,0,25.9,0,57.1,0,0,16.9
CAN,Canada,29,2005,0,0,0,32.1,0,43.8,0.3,0,23.7
CAN,Canada,29,2006,0,0,0,32.1,0,43.8,0.3,0,23.7
CAN,Canada,29,2007,0,0,0,40.3,0,33.4,0.3,0,26
CAN,Canada,29,2008,0,0,0,40.3,0,33.4,0.3,0,26
CAN,Canada,29,2009,0,0,0,46.4,0,25,0.6,0,27.9
CAN,Canada,29,2010,0,0,0,46.4,0,25,0.6,0,27.9
CAN,Canada,29,2011,0,0,0,46.4,0,25,0.6,0,27.9
CAN,Canada,29,2012,0,0,0,53.9,0.3,11,0,0,34.7
CAN,Canada,29,2013,0,0,0,53.9,0.3,11,0,0,34.7
CAN,Canada,29,2014,0,0,0,53.9,0.3,11,0,0,34.7
CAN,Canada,29,2015,0,0,0,53.9,0.3,11,0,0,34.7
CAN,Canada,29,2016,0,0,0,29.3,0.3,54.4,0,0,16
CAN,Canada,29,2017,0,0,0,29.3,0.3,54.4,0,0,16
CAN,Canada,29,2018,0,0,0,29.3,0.3,54.4,0,0,16
CAN,Canada,29,2019,0,0,0,29.3,0.3,54.4,0,0,16
CAN,Canada,29,2020,0,0,0,35.8,0.9,46.4,0.3,0,16.6
CHE,Switzerland,40,1903,0,21.6,0,0,0,71.9,0,0,6.6
CHE,Switzerland,40,1904,0,21.6,0,0,0,71.9,0,0,6.6
CHE,Switzerland,40,1905,0,21.6,0,0,0,71.9,0,0,6.6
CHE,Switzerland,40,1906,0,21.6,0,0,0,73.7,0,0,4.8
CHE,Switzerland,40,1907,0,21.6,0,0,0,73.7,0,0,4.8
CHE,Switzerland,40,1908,0,21.6,0,0,0,73.7,0,0,4.8
CHE,Switzerland,40,1909,0,21,0,0,0,71.9,0,0,7.2
CHE,Switzerland,40,1910,0,21,0,0,0,71.9,0,0,7.2
CHE,Switzerland,40,1911,0,21,0,0,0,71.9,0,0,7.2
CHE,Switzerland,40,1912,0,20.1,0,0,0,67.7,1.1,0,11.1
CHE,Switzerland,40,1913,0,20.1,0,0,0,67.7,1.1,0,11.1
CHE,Switzerland,40,1914,0,20.1,0,0,0,67.7,1.1,0,11.1
CHE,Switzerland,40,1915,0,19.6,0,0,0,67.2,1.1,0,12.2
CHE,Switzerland,40,1916,0,19.6,0,0,0,67.2,1.1,0,12.2
CHE,Switzerland,40,1917,0,19.6,0,0,0,67.2,1.1,0,12.2
CHE,Switzerland,40,1918,0,22.2,0,0,0,60.8,2.6,0,14.3
CHE,Switzerland,40,1919,0,22.2,0,0,0,60.8,2.6,0,14.3
CHE,Switzerland,40,1920,15.9,22.2,0,0,0,36.5,0.5,0,24.9
CHE,Switzerland,40,1921,15.9,22.2,0,0,0,36.5,0.5,0,24.9
CHE,Switzerland,40,1922,15.9,22.2,0,0,0,36.5,0.5,0,24.9
CHE,Switzerland,40,1923,17.2,22.7,1,0,0,35.4,0.5,0,23.2
CHE,Switzerland,40,1924,17.2,22.7,1,0,0,35.4,0.5,0,23.2
CHE,Switzerland,40,1925,17.2,22.7,1,0,0,35.4,0.5,0,23.2
CHE,Switzerland,40,1926,15.2,21.7,1.5,0,0,33.8,0,0.5,27.3
CHE,Switzerland,40,1927,15.2,21.7,1.5,0,0,33.8,0,0.5,27.3
CHE,Switzerland,40,1928,15.2,21.7,1.5,0,0,33.8,0,0.5,27.3
CHE,Switzerland,40,1929,15.7,23.7,1,0,0,32.3,0,0.5,26.8
CHE,Switzerland,40,1930,15.7,23.7,1,0,0,32.3,0,0.5,26.8
CHE,Switzerland,40,1931,15.7,23.7,1,0,0,32.3,0,0.5,26.8
CHE,Switzerland,40,1932,16,24.1,1.1,0,0,31,0.5,0,27.3
CHE,Switzerland,40,1933,16,24.1,1.1,0,0,31,0.5,0,27.3
CHE,Switzerland,40,1934,16,24.1,1.1,0,0,31,0.5,0,27.3
CHE,Switzerland,40,1935,16,24.1,1.1,0,0,31,0.5,0,27.3
CHE,Switzerland,40,1936,11.2,23,1.1,0,2.1,28.9,1.6,0,32.1
CHE,Switzerland,40,1937,11.2,23,1.1,0,2.1,28.9,1.6,0,32.1
CHE,Switzerland,40,1938,11.2,23,1.1,0,2.1,28.9,1.6,0,32.1
CHE,Switzerland,40,1939,11.2,23,1.1,0,2.1,28.9,1.6,0,32.1
CHE,Switzerland,40,1940,11.8,23,2.1,0,1.6,29.9,0,0,31.6
CHE,Switzerland,40,1941,11.8,23,2.1,0,1.6,29.9,0,0,31.6
CHE,Switzerland,40,1942,11.8,23,2.1,0,1.6,29.9,0,0,31.6
CHE,Switzerland,40,1943,11.8,23,2.1,0,1.6,29.9,0,0,31.6
CHE,Switzerland,40,1944,11.3,22.7,0,0,1.5,28.4,1,0,35.1
CHE,Switzerland,40,1945,11.3,22.7,0,0,1.5,28.4,1,0,35.1
CHE,Switzerland,40,1946,11.3,22.7,0,0,1.5,28.4,1,0,35.1
CHE,Switzerland,40,1947,11.3,22.7,0,0,1.5,28.4,1,0,35.1
CHE,Switzerland,40,1948,10.8,23.2,3.6,0,0,30.9,0,0,31.4
CHE,Switzerland,40,1949,10.8,23.2,3.6,0,0,30.9,0,0,31.4
CHE,Switzerland,40,1950,10.8,23.2,3.6,0,0,30.9,0,0,31.4
CHE,Switzerland,40,1951,10.8,23.2,3.6,0,0,30.9,0,0,31.4
CHE,Switzerland,40,1952,11.7,25,2.6,0,0,28.6,0,0,32.1
CHE,Switzerland,40,1953,11.7,25,2.6,0,0,28.6,0,0,32.1
CHE,Switzerland,40,1954,11.7,25,2.6,0,0,28.6,0,0,32.1
CHE,Switzerland,40,1955,11.7,25,2.6,0,0,28.6,0,0,32.1
CHE,Switzerland,40,1956,11.2,24.5,2,0,0,28.1,0,0,34.2
CHE,Switzerland,40,1957,11.2,24.5,2,0,0,28.1,0,0,34.2
CHE,Switzerland,40,1958,11.2,24.5,2,0,0,28.1,0,0,34.2
CHE,Switzerland,40,1959,11.2,24.5,2,0,0,28.1,0,0,34.2
CHE,Switzerland,40,1960,11.7,25,1.5,0,0,28.6,0,0,33.2
CHE,Switzerland,40,1961,11.7,25,1.5,0,0,28.6,0,0,33.2
CHE,Switzerland,40,1962,11.7,25,1.5,0,0,28.6,0,0,33.2
CHE,Switzerland,40,1963,11.7,25,1.5,0,0,28.6,0,0,33.2
CHE,Switzerland,40,1964,11,25,2,0,0,28.5,0,0,33.5
CHE,Switzerland,40,1965,11,25,2,0,0,28.5,0,0,33.5
CHE,Switzerland,40,1966,11,25,2,0,0,28.5,0,0,33.5
CHE,Switzerland,40,1967,11,25,2,0,0,28.5,0,0,33.5
CHE,Switzerland,40,1968,10.5,24,2.5,0,0,27.5,0.5,0.5,34.5
CHE,Switzerland,40,1969,10.5,24,2.5,0,0,27.5,0.5,0.5,34.5
CHE,Switzerland,40,1970,10.5,24,2.5,0,0,27.5,0.5,0.5,34.5
CHE,Switzerland,40,1971,10.5,24,2.5,0,0,27.5,0.5,0.5,34.5
CHE,Switzerland,40,1972,11.5,23.5,2.5,0,0,27.5,0,5.5,29.5
CHE,Switzerland,40,1973,11.5,23.5,2.5,0,0,27.5,0,5.5,29.5
CHE,Switzerland,40,1974,11.5,23.5,2.5,0,0,27.5,0,5.5,29.5
CHE,Switzerland,40,1975,11.5,23.5,2.5,0,0,27.5,0,5.5,29.5
CHE,Switzerland,40,1976,10.5,24.5,2.5,0,0,26.5,0,3,33
CHE,Switzerland,40,1977,10.5,24.5,2.5,0,0,26.5,0,3,33
CHE,Switzerland,40,1978,10.5,24.5,2.5,0,0,26.5,0,3,33
CHE,Switzerland,40,1979,10.5,24.5,2.5,0,0,26.5,0,3,33
CHE,Switzerland,40,1980,11.5,23.5,3,0,0.5,29.5,1,1.5,29.5
CHE,Switzerland,40,1981,11.5,23.5,3,0,0.5,29.5,1,1.5,29.5
CHE,Switzerland,40,1982,11.5,23.5,3,0,0.5,29.5,1,1.5,29.5
CHE,Switzerland,40,1983,11.5,23.5,3,0,0.5,29.5,1,1.5,29.5
CHE,Switzerland,40,1984,11.5,22.5,2.5,0,1.5,31,1,2.5,27.5
CHE,Switzerland,40,1985,11.5,22.5,2.5,0,1.5,31,1,2.5,27.5
CHE,Switzerland,40,1986,11.5,22.5,2.5,0,1.5,31,1,2.5,27.5
CHE,Switzerland,40,1987,11.5,22.5,2.5,0,1.5,31,1,2.5,27.5
CHE,Switzerland,40,1988,12.5,22.5,2.5,0,5,30,0.5,2.5,24.5
CHE,Switzerland,40,1989,12.5,22.5,2.5,0,5,30,0.5,2.5,24.5
CHE,Switzerland,40,1990,12.5,22.5,2.5,0,5,30,0.5,2.5,24.5
CHE,Switzerland,40,1991,12.5,22.5,2.5,0,5,30,0.5,2.5,24.5
CHE,Switzerland,40,1992,12.5,19.5,1.5,0.5,7.5,27,1,7.5,23
CHE,Switzerland,40,1993,12.5,19.5,1.5,0.5,7.5,27,1,7.5,23
CHE,Switzerland,40,1994,12.5,19.5,1.5,0.5,7.5,27,1,7.5,23
CHE,Switzerland,40,1995,12.5,19.5,1.5,0.5,7.5,27,1,7.5,23
CHE,Switzerland,40,1996,14.5,18.5,1.5,0.5,5,26,0,5.5,28.5
CHE,Switzerland,40,1997,14.5,18.5,1.5,0.5,5,26,0,5.5,28.5
CHE,Switzerland,40,1998,14.5,18.5,1.5,0.5,5,26,0,5.5,28.5
CHE,Switzerland,40,1999,14.5,18.5,1.5,0.5,5,26,0,5.5,28.5
CHE,Switzerland,40,2000,22,19.5,1.5,0.5,4.5,24.5,0,1.5,26
CHE,Switzerland,40,2001,22,19.5,1.5,0.5,4.5,24.5,0,1.5,26
CHE,Switzerland,40,2002,22,19.5,1.5,0.5,4.5,24.5,0,1.5,26
CHE,Switzerland,40,2003,22,19.5,1.5,0.5,4.5,24.5,0,1.5,26
CHE,Switzerland,40,2004,27.5,16,1.5,1,7,20,0,1,26
CHE,Switzerland,40,2005,27.5,16,1.5,1,7,20,0,1,26
CHE,Switzerland,40,2006,27.5,16,1.5,1,7,20,0,1,26
CHE,Switzerland,40,2007,27.5,16,1.5,1,7,20,0,1,26
CHE,Switzerland,40,2008,31,17,0.5,0.5,11.5,17.5,0,0.5,21.5
CHE,Switzerland,40,2009,31,17,0.5,0.5,11.5,17.5,0,0.5,21.5
CHE,Switzerland,40,2010,31,17,0.5,0.5,11.5,17.5,0,0.5,21.5
CHE,Switzerland,40,2011,31,17,0.5,0.5,11.5,17.5,0,0.5,21.5
CHE,Switzerland,40,2012,27,15,0,4.5,13.5,15,0.5,1.5,23
CHE,Switzerland,40,2013,27,15,0,4.5,13.5,15,0.5,1.5,23
CHE,Switzerland,40,2014,27,15,0,4.5,13.5,15,0.5,1.5,23
CHE,Switzerland,40,2015,27,15,0,4.5,13.5,15,0.5,1.5,23
CHE,Switzerland,40,2016,32.5,14.5,0.5,3.5,9,16.5,0.5,1.5,21.5
CHE,Switzerland,40,2017,32.5,14.5,0.5,3.5,9,16.5,0.5,1.5,21.5
CHE,Switzerland,40,2018,32.5,14.5,0.5,3.5,9,16.5,0.5,1.5,21.5
CHE,Switzerland,40,2019,32.5,14.5,0.5,3.5,9,16.5,0.5,1.5,21.5
CHE,Switzerland,40,2020,26.5,14,1,2,22,14.5,0,0.5,19.5
CYP,Cyprus,51,1977,0,0,25.7,60,0,0,2.9,0,11.4
CYP,Cyprus,51,1978,0,0,25.7,60,0,0,2.9,0,11.4
CYP,Cyprus,51,1979,0,0,25.7,60,0,0,2.9,0,11.4
CYP,Cyprus,51,1980,0,0,25.7,60,0,0,2.9,0,11.4
CYP,Cyprus,51,1981,0,0,25.7,60,0,0,2.9,0,11.4
CYP,Cyprus,51,1982,0,0,34.3,57.1,0,0,0,0,8.6
CYP,Cyprus,51,1983,0,0,34.3,57.1,0,0,0,0,8.6
CYP,Cyprus,51,1984,0,0,34.3,57.1,0,0,0,0,8.6
CYP,Cyprus,51,1985,0,0,34.3,57.1,0,0,0,0,8.6
CYP,Cyprus,51,1986,0,0,26.8,62.5,0,0,0,0,10.7
CYP,Cyprus,51,1987,0,0,26.8,62.5,0,0,0,0,10.7
CYP,Cyprus,51,1988,0,0,26.8,62.5,0,0,0,0,10.7
CYP,Cyprus,51,1989,0,0,26.8,62.5,0,0,0,0,10.7
CYP,Cyprus,51,1990,0,0,26.8,62.5,0,0,0,0,10.7
CYP,Cyprus,51,1991,0,0,26.8,62.5,0,0,0,0,10.7
CYP,Cyprus,51,1992,0,0,32.1,55.4,0,0,0,0,12.5
CYP,Cyprus,51,1993,0,0,32.1,55.4,0,0,0,0,12.5
CYP,Cyprus,51,1994,0,0,32.1,55.4,0,0,0,0,12.5
CYP,Cyprus,51,1995,0,0,32.1,55.4,0,0,0,0,12.5
CYP,Cyprus,51,1996,0,0,32.1,55.4,0,0,0,0,12.5
CYP,Cyprus,51,1997,0,0,33.9,53.6,0,3.6,0,0,8.9
CYP,Cyprus,51,1998,0,0,33.9,53.6,0,3.6,0,0,8.9
CYP,Cyprus,51,1999,0,0,33.9,53.6,0,3.6,0,0,8.9
CYP,Cyprus,51,2000,0,0,33.9,53.6,0,3.6,0,0,8.9
CYP,Cyprus,51,2001,0,0,33.9,53.6,0,3.6,0,0,8.9
CYP,Cyprus,51,2002,0,0,35.7,50,1.8,1.8,0,3.6,7.1
CYP,Cyprus,51,2003,0,0,35.7,50,1.8,1.8,0,3.6,7.1
CYP,Cyprus,51,2004,0,0,35.7,50,1.8,1.8,0,3.6,7.1
CYP,Cyprus,51,2005,0,0,35.7,50,1.8,1.8,0,3.6,7.1
CYP,Cyprus,51,2006,0,0,35.7,50,1.8,1.8,0,3.6,7.1
CYP,Cyprus,51,2007,0,0,32.1,51.8,1.8,5.4,0,0,8.9
CYP,Cyprus,51,2008,0,0,32.1,51.8,1.8,5.4,0,0,8.9
CYP,Cyprus,51,2009,0,0,32.1,51.8,1.8,5.4,0,0,8.9
CYP,Cyprus,51,2010,0,0,32.1,51.8,1.8,5.4,0,0,8.9
CYP,Cyprus,51,2011,0,0,32.1,51.8,1.8,5.4,0,0,8.9
CYP,Cyprus,51,2012,0,0,33.9,51.8,1.8,3.6,0,0,8.9
CYP,Cyprus,51,2013,0,0,33.9,51.8,1.8,3.6,0,0,8.9
CYP,Cyprus,51,2014,0,0,33.9,51.8,1.8,3.6,0,0,8.9
CYP,Cyprus,51,2015,0,0,33.9,51.8,1.8,3.6,0,0,8.9
CYP,Cyprus,51,2016,0,0,33.9,51.8,1.8,3.6,0,0,8.9
CYP,Cyprus,51,2017,0,0,28.6,48.2,3.6,0,0,8.9,10.7
CYP,Cyprus,51,2018,0,0,28.6,48.2,3.6,0,0,8.9,10.7
CYP,Cyprus,51,2019,0,0,28.6,48.2,3.6,0,0,8.9,10.7
CYP,Cyprus,51,2020,0,0,28.6,48.2,3.6,0,0,8.9,10.7
CZE,Czech Republic,68,1991,0,9.5,16,0,0,63.5,11,0,0
CZE,Czech Republic,68,1992,0,9.5,16,0,0,63.5,11,0,0
CZE,Czech Republic,68,1993,0,12.5,17.5,33,0,15,7,7,8
CZE,Czech Republic,68,1994,0,12.5,17.5,33,0,15,7,7,8
CZE,Czech Republic,68,1995,0,12.5,17.5,33,0,15,7,7,8
CZE,Czech Republic,68,1996,0,12.5,17.5,33,0,15,7,7,8
CZE,Czech Republic,68,1997,0,9,11,34,0,6.5,0,9,30.5
CZE,Czech Republic,68,1998,0,9,11,34,0,6.5,0,9,30.5
CZE,Czech Republic,68,1999,0,10,12,31.5,0,9.5,0,0,37
CZE,Czech Republic,68,2000,0,10,12,31.5,0,9.5,0,0,37
CZE,Czech Republic,68,2001,0,10,12,31.5,0,9.5,0,0,37
CZE,Czech Republic,68,2002,0,10,12,31.5,0,9.5,0,0,37
CZE,Czech Republic,68,2003,0,11,20.5,29,0,4.5,0,0,35
CZE,Czech Republic,68,2004,0,11,20.5,29,0,4.5,0,0,35
CZE,Czech Republic,68,2005,0,11,20.5,29,0,4.5,0,0,35
CZE,Czech Republic,68,2006,0,11,20.5,29,0,4.5,0,0,35
CZE,Czech Republic,68,2007,0,6.5,13,40.5,3,0,0,0,37
CZE,Czech Republic,68,2008,0,6.5,13,40.5,3,0,0,0,37
CZE,Czech Republic,68,2009,0,6.5,13,40.5,3,0,0,0,37
CZE,Czech Republic,68,2010,0,6.5,13,40.5,3,0,0,0,37
CZE,Czech Republic,68,2011,0,0,13,45.5,0,12,1.5,0,28
CZE,Czech Republic,68,2012,0,0,13,45.5,0,12,1.5,0,28
CZE,Czech Republic,68,2013,0,0,13,45.5,0,12,1.5,0,28
CZE,Czech Republic,68,2014,0,7,16.5,25.5,0,23.5,2.5,0,25
CZE,Czech Republic,68,2015,0,7,16.5,25.5,0,23.5,2.5,0,25
CZE,Czech Republic,68,2016,0,7,16.5,25.5,0,23.5,2.5,0,25
CZE,Czech Republic,68,2017,0,7,16.5,25.5,0,23.5,2.5,0,25
CZE,Czech Republic,68,2018,0,5,7.5,16,0,39,14,11,7.5
CZE,Czech Republic,68,2019,0,5,7.5,16,0,39,14,11,7.5
CZE,Czech Republic,68,2020,0,5,7.5,16,0,39,14,11,7.5
DEU,Germany,54,1920,0,21,5.2,6.1,0,18.4,0.5,9.7,39
DEU,Germany,54,1921,1.3,18.7,17.8,14.4,0,10.3,0.4,12.9,24.2
DEU,Germany,54,1922,1.3,18.7,17.8,14.4,0,10.3,0.4,12.9,24.2
DEU,Germany,54,1923,1.3,18.7,17.8,14.4,0,10.3,0.4,12.9,24.2
DEU,Germany,54,1924,1.3,18.7,17.8,14.4,0,10.3,0.4,12.9,24.2
DEU,Germany,54,1925,1.6,17.8,9.1,13.6,0,7.5,0,23.7,26.6
DEU,Germany,54,1926,1.6,17.8,9.1,13.6,0,7.5,0,23.7,26.6
DEU,Germany,54,1927,1.6,17.8,9.1,13.6,0,7.5,0,23.7,26.6
DEU,Germany,54,1928,1.6,17.8,9.1,13.6,0,7.5,0,23.7,26.6
DEU,Germany,54,1929,1.2,17.7,11,14.7,0,6.5,0.4,17.3,31.2
DEU,Germany,54,1930,1.2,17.7,11,14.7,0,6.5,0.4,17.3,31.2
DEU,Germany,54,1931,0.7,20.8,13.3,10.4,0,4.3,0,25.6,24.8
DEU,Germany,54,1932,0.7,20.8,13.3,10.4,0,4.3,0,25.6,24.8
DEU,Germany,54,1933,0.5,16.3,17.1,2.2,0,0.9,0,42.3,20.7
DEU,Germany,54,1934,0.2,14.8,12.5,0.3,0,1.1,0,52.6,18.5
DEU,Germany,54,1935,0.2,14.8,12.5,0.3,0,1.1,0,52.6,18.5
DEU,Germany,54,1936,0.2,14.8,12.5,0.3,0,1.1,0,52.6,18.5
DEU,Germany,54,1937,0.2,14.8,12.5,0.3,0,1.1,0,52.6,18.5
DEU,Germany,54,1938,0.2,14.8,12.5,0.3,0,1.1,0,52.6,18.5
DEU,Germany,54,1939,0.2,14.8,12.5,0.3,0,1.1,0,52.6,18.5
DEU,Germany,54,1940,0.2,14.8,12.5,0.3,0,1.1,0,52.6,18.5
DEU,Germany,54,1941,0.2,14.8,12.5,0.3,0,1.1,0,52.6,18.5
DEU,Germany,54,1942,0.2,14.8,12.5,0.3,0,1.1,0,52.6,18.5
DEU,Germany,54,1943,0.2,14.8,12.5,0.3,0,1.1,0,52.6,18.5
DEU,Germany,54,1944,0.2,14.8,12.5,0.3,0,1.1,0,52.6,18.5
DEU,Germany,54,1945,0.2,14.8,12.5,0.3,0,1.1,0,52.6,18.5
DEU,Germany,54,1946,0.2,14.8,12.5,0.3,0,1.1,0,52.6,18.5
DEU,Germany,54,1947,0.2,14.8,12.5,0.3,0,1.1,0,52.6,18.5
DEU,Germany,54,1948,0.2,14.8,12.5,0.3,0,1.1,0,52.6,18.5
DEU,Germany,54,1949,0.2,14.8,12.5,0.3,0,1.1,0,52.6,18.5
DEU,Germany,54,1950,0,37.1,3.7,8.5,0,12.9,1,4.2,32.6
DEU,Germany,54,1951,0,37.1,3.7,8.5,0,12.9,1,4.2,32.6
DEU,Germany,54,1952,0,37.1,3.7,8.5,0,12.9,1,4.2,32.6
DEU,Germany,54,1953,0,37.1,3.7,8.5,0,12.9,1,4.2,32.6
DEU,Germany,54,1954,0,50.5,0,3.1,0,9.9,0,5.5,31
DEU,Germany,54,1955,0,50.5,0,3.1,0,9.9,0,5.5,31
DEU,Germany,54,1956,0,50.5,0,3.1,0,9.9,0,5.5,31
DEU,Germany,54,1957,0,50.5,0,3.1,0,9.9,0,5.5,31
DEU,Germany,54,1958,0,54.3,0,3.4,0,8.2,0,0,34
DEU,Germany,54,1959,0,54.3,0,3.4,0,8.2,0,0,34
DEU,Germany,54,1960,0,54.3,0,3.4,0,8.2,0,0,34
DEU,Germany,54,1961,0,54.3,0,3.4,0,8.2,0,0,34
DEU,Germany,54,1962,0,48.5,0,0,0,13.4,0,0,38.1
DEU,Germany,54,1963,0,48.5,0,0,0,13.4,0,0,38.1
DEU,Germany,54,1964,0,48.5,0,0,0,13.4,0,0,38.1
DEU,Germany,54,1965,0,48.5,0,0,0,13.4,0,0,38.1
DEU,Germany,54,1966,0,49.4,0,0,0,9.9,0,0,40.7
DEU,Germany,54,1967,0,49.4,0,0,0,9.9,0,0,40.7
DEU,Germany,54,1968,0,49.4,0,0,0,9.9,0,0,40.7
DEU,Germany,54,1969,0,49.4,0,0,0,9.9,0,0,40.7
DEU,Germany,54,1970,0,48.8,0,0,0,6,0,0,45.2
DEU,Germany,54,1971,0,48.8,0,0,0,6,0,0,45.2
DEU,Germany,54,1972,0,48.8,0,0,0,6,0,0,45.2
DEU,Germany,54,1973,0,45.4,0,0,0,8.3,0,0,46.4
DEU,Germany,54,1974,0,45.4,0,0,0,8.3,0,0,46.4
DEU,Germany,54,1975,0,45.4,0,0,0,8.3,0,0,46.4
DEU,Germany,54,1976,0,45.4,0,0,0,8.3,0,0,46.4
DEU,Germany,54,1977,0,49,0,0,0,7.9,0,0,43.1
DEU,Germany,54,1978,0,49,0,0,0,7.9,0,0,43.1
DEU,Germany,54,1979,0,49,0,0,0,7.9,0,0,43.1
DEU,Germany,54,1980,0,49,0,0,0,7.9,0,0,43.1
DEU,Germany,54,1981,0,45.5,0,0,0,10.7,0,0,43.9
DEU,Germany,54,1982,0,45.5,0,0,0,10.7,0,0,43.9
DEU,Germany,54,1983,0,45.5,0,0,0,10.7,0,0,43.9
DEU,Germany,54,1984,0,49,0,0,5.4,6.8,0,0,38.8
DEU,Germany,54,1985,0,49,0,0,5.4,6.8,0,0,38.8
DEU,Germany,54,1986,0,49,0,0,5.4,6.8,0,0,38.8
DEU,Germany,54,1987,0,49,0,0,5.4,6.8,0,0,38.8
DEU,Germany,54,1988,0,44.9,0,0,8.5,9.3,0,0,37.4
DEU,Germany,54,1989,0,44.9,0,0,8.5,9.3,0,0,37.4
DEU,Germany,54,1990,0,44.9,0,0,8.5,9.3,0,0,37.4
DEU,Germany,54,1991,0,48.2,2.6,0,1.2,11.9,0,0,36.1
DEU,Germany,54,1992,0,48.2,2.6,0,1.2,11.9,0,0,36.1
DEU,Germany,54,1993,0,48.2,2.6,0,1.2,11.9,0,0,36.1
DEU,Germany,54,1994,0,48.2,2.6,0,1.2,11.9,0,0,36.1
DEU,Germany,54,1995,0,43.8,4.5,0,7.3,7,0,0,37.5
DEU,Germany,54,1996,0,43.8,4.5,0,7.3,7,0,0,37.5
DEU,Germany,54,1997,0,43.8,4.5,0,7.3,7,0,0,37.5
DEU,Germany,54,1998,0,43.8,4.5,0,7.3,7,0,0,37.5
DEU,Germany,54,1999,0,36.6,5.4,0,7,6.4,0,0,44.5
DEU,Germany,54,2000,0,36.6,5.4,0,7,6.4,0,0,44.5
DEU,Germany,54,2001,0,36.6,5.4,0,7,6.4,0,0,44.5
DEU,Germany,54,2002,0,36.6,5.4,0,7,6.4,0,0,44.5
DEU,Germany,54,2003,0,41.1,0.3,0,9.1,7.8,0,0,41.6
DEU,Germany,54,2004,0,41.1,0.3,0,9.1,7.8,0,0,41.6
DEU,Germany,54,2005,0,41.1,0.3,0,9.1,7.8,0,0,41.6
DEU,Germany,54,2006,0,36.8,8.8,0,8.3,9.9,0,0,36.2
DEU,Germany,54,2007,0,36.8,8.8,0,8.3,9.9,0,0,36.2
DEU,Germany,54,2008,0,36.8,8.8,0,8.3,9.9,0,0,36.2
DEU,Germany,54,2009,0,36.8,8.8,0,8.3,9.9,0,0,36.2
DEU,Germany,54,2010,0,38.4,12.2,0,10.9,15,0,0,23.5
DEU,Germany,54,2011,0,38.4,12.2,0,10.9,15,0,0,23.5
DEU,Germany,54,2012,0,38.4,12.2,0,10.9,15,0,0,23.5
DEU,Germany,54,2013,0,38.4,12.2,0,10.9,15,0,0,23.5
DEU,Germany,54,2014,0,49.3,10.1,0,10,0,0,0,30.6
DEU,Germany,54,2015,0,49.3,10.1,0,10,0,0,0,30.6
DEU,Germany,54,2016,0,49.3,10.1,0,10,0,0,0,30.6
DEU,Germany,54,2017,0,49.3,10.1,0,10,0,0,0,30.6
DEU,Germany,54,2018,0,34.7,9.7,0,9.4,11.3,0,13.3,21.6
DEU,Germany,54,2019,0,34.7,9.7,0,9.4,11.3,0,13.3,21.6
DEU,Germany,54,2020,0,34.7,9.7,0,9.4,11.3,0,13.3,21.6
DNK,Denmark,21,1902,0,0,0,7,0,80.7,0,0,12.3
DNK,Denmark,21,1903,0,0,0,7,0,80.7,0,0,12.3
DNK,Denmark,21,1904,0,0,0,10.5,0,74.6,0.9,0,14
DNK,Denmark,21,1905,0,0,0,10.5,0,74.6,0.9,0,14
DNK,Denmark,21,1906,0,0,0,10.5,0,74.6,0.9,0,14
DNK,Denmark,21,1907,0,0,0,10.5,0,64.9,3.5,0,21.1
DNK,Denmark,21,1908,0,0,0,10.5,0,64.9,3.5,0,21.1
DNK,Denmark,21,1909,0,0,0,10.5,0,64.9,3.5,0,21.1
DNK,Denmark,21,1910,0,0,0,18.4,0,55.3,5.3,0,21.1
DNK,Denmark,21,1911,0,0,0,11.4,0,67.5,0,0,21.1
DNK,Denmark,21,1912,0,0,0,11.4,0,67.5,0,0,21.1
DNK,Denmark,21,1913,0,0,0,11.4,0,67.5,0,0,21.1
DNK,Denmark,21,1914,0,0,0,6.1,0,65.8,0,0,28.1
DNK,Denmark,21,1915,0,0,0,6.1,0,65.8,0,0,28.1
DNK,Denmark,21,1916,0,0,0,6.1,0,64.9,0.9,0,28.1
DNK,Denmark,21,1917,0,0,0,6.1,0,64.9,0.9,0,28.1
DNK,Denmark,21,1918,0,0,0,6.1,0,64.9,0.9,0,28.1
DNK,Denmark,21,1919,0,0,0,15.8,0,56.1,0,0,28.1
DNK,Denmark,21,1920,0,0,0,15.8,0,56.1,0,0,28.1
DNK,Denmark,21,1921,0,0,0,18.2,0,48.6,0.7,0,32.4
DNK,Denmark,21,1922,0,0,0,18.2,0,48.6,0.7,0,32.4
DNK,Denmark,21,1923,0,0,0,18.2,0,48.6,0.7,0,32.4
DNK,Denmark,21,1924,0,0,0,18.2,0,48.6,0.7,0,32.4
DNK,Denmark,21,1925,0,0,0,18.9,0,43.2,0.7,0,37.2
DNK,Denmark,21,1926,0,0,0,18.9,0,43.2,0.7,0,37.2
